0.410312 4.934624
0.405650 8.115209
0.410312 11.53633
0.814555 3.382262
0.814555 9.982114
1.387690 4.361490
1.387690 7.540225
2.214753 0.746096
2.214753 7.135981
2.789737 1.728136
3.193981 6.560997
3.768965 1.153152
3.768965 7.540225
4.688541 0.746096
4.688541 3.955396
4.688541 7.135981
5.263525 1.728136
5.263525 4.934624
5.667769 3.382262
5.667769 6.560997
6.242753 4.361490
6.242753 7.540225
7.309905 3.789318
8.292833 4.363340
16.28937 0.746574
16.86365 1.321081
16.86646 4.934624
17.84570 4.359640
2.214753 3.955396
2.789737 4.934624
3.193981 3.382262
3.768965 4.361490
9.950578 0.748355
15.00000 11.85258
7.366563 12.94125
1.391111 10.56222
1.894659 10.96415
5.263525 8.622178
9.060688 0.748908
10.43173 4.364302
16.86646 3.200937
18.83602 2.549648
16.55236 11.40081
17.49554 12.74824
17.90164 10.45578
18.84482 11.80506
5.689972 8.115209
0.814555 6.560997
3.066176 10.78491
5.443948 9.839331
6.738620 0.746096
20.92279 14.31454
20.98741 11.40088